LINESTRING (23.354460 53.469385, 23.354510 53.469340) 
LINESTRING (23.354510 53.469340, 23.354205 53.469326) 
LINESTRING (23.354205 53.469326, 23.342735 53.467249) 
LINESTRING (23.342735 53.467249, 23.340585 53.466908) 
LINESTRING (23.340585 53.466908, 23.325759 53.464309) 
LINESTRING (23.325759 53.464309, 23.318462 53.463625) 
LINESTRING (23.318462 53.463625, 23.309327 53.462768) 
LINESTRING (23.309327 53.462768, 23.305525 53.462437) 
LINESTRING (23.305525 53.462437, 23.299167 53.461777) 
LINESTRING (23.299167 53.461777, 23.297250 53.461590) 
LINESTRING (23.297250 53.461590, 23.290279 53.460911) 
LINESTRING (23.290279 53.460911, 23.290180 53.460901) 
LINESTRING (23.290180 53.460901, 23.286613 53.460546) 
LINESTRING (23.286613 53.460546, 23.282904 53.460193) 
LINESTRING (23.282904 53.460193, 23.282399 53.460187) 
LINESTRING (23.282399 53.460187, 23.279764 53.460427) 
LINESTRING (23.279764 53.460427, 23.278709 53.460560) 
LINESTRING (23.278709 53.460560, 23.278414 53.460605) 
LINESTRING (23.278414 53.460605, 23.275672 53.460985) 
LINESTRING (23.275672 53.460985, 23.273324 53.461332) 
LINESTRING (23.273324 53.461332, 23.270893 53.461689) 
LINESTRING (23.270893 53.461689, 23.268142 53.462078) 
LINESTRING (23.268142 53.462078, 23.264938 53.462553) 
LINESTRING (23.264938 53.462553, 23.262500 53.462901) 
LINESTRING (23.262500 53.462901, 23.254238 53.464140) 
LINESTRING (23.254238 53.464140, 23.249564 53.464713) 
LINESTRING (23.249564 53.464713, 23.245253 53.465393) 
LINESTRING (23.245253 53.465393, 23.242997 53.465738) 
LINESTRING (23.242997 53.465738, 23.242266 53.465863) 
LINESTRING (23.242266 53.465863, 23.241127 53.466031) 
LINESTRING (23.241127 53.466031, 23.240411 53.466159) 
LINESTRING (23.240411 53.466159, 23.239182 53.466592) 
LINESTRING (23.239182 53.466592, 23.238660 53.466808) 
LINESTRING (23.238660 53.466808, 23.237199 53.467554) 
LINESTRING (23.237199 53.467554, 23.236753 53.467678) 
LINESTRING (23.236753 53.467678, 23.236314 53.467699) 
LINESTRING (23.236314 53.467699, 23.233678 53.467310) 
LINESTRING (23.233678 53.467310, 23.231619 53.467249) 
LINESTRING (23.231619 53.467249, 23.230735 53.467254) 
LINESTRING (23.230735 53.467254, 23.230549 53.467263) 
LINESTRING (23.230549 53.467263, 23.229644 53.467306) 
LINESTRING (23.229644 53.467306, 23.228051 53.467383) 
LINESTRING (23.228051 53.467383, 23.226553 53.467448) 
LINESTRING (23.226553 53.467448, 23.225124 53.467561) 
LINESTRING (23.225124 53.467561, 23.224187 53.467633) 
LINESTRING (23.224187 53.467633, 23.222645 53.467610) 
LINESTRING (23.222645 53.467610, 23.221706 53.467619) 
LINESTRING (23.221706 53.467619, 23.220086 53.467708) 
LINESTRING (23.220086 53.467708, 23.219389 53.467752) 
LINESTRING (23.219389 53.467752, 23.212935 53.468121) 
LINESTRING (23.212935 53.468121, 23.209943 53.468265) 
LINESTRING (23.209943 53.468265, 23.205898 53.468485) 
LINESTRING (23.205898 53.468485, 23.205338 53.468519) 
LINESTRING (23.205338 53.468519, 23.205273 53.468522) 
LINESTRING (23.205273 53.468522, 23.202238 53.468694) 
LINESTRING (23.202238 53.468694, 23.199618 53.468836) 
LINESTRING (23.199618 53.468836, 23.191964 53.469265) 
LINESTRING (23.191964 53.469265, 23.183748 53.469726) 
LINESTRING (23.183748 53.469726, 23.177107 53.470084) 
LINESTRING (23.177107 53.470084, 23.172446 53.470334) 
LINESTRING (23.172446 53.470334, 23.171463 53.470383) 
LINESTRING (23.171463 53.470383, 23.170264 53.470443) 
LINESTRING (23.170264 53.470443, 23.168158 53.470548) 
LINESTRING (23.168158 53.470548, 23.162649 53.470834) 
LINESTRING (23.162649 53.470834, 23.157349 53.471061) 
LINESTRING (23.157349 53.471061, 23.156969 53.471077) 
LINESTRING (23.156969 53.471077, 23.156636 53.471077) 
LINESTRING (23.156636 53.471077, 23.153305 53.471072) 
LINESTRING (23.153305 53.471072, 23.152715 53.471071) 
LINESTRING (23.152715 53.471071, 23.151206 53.471069) 
LINESTRING (23.151206 53.471069, 23.150777 53.471121) 
LINESTRING (23.150777 53.471121, 23.150108 53.471266) 
LINESTRING (23.150108 53.471266, 23.149935 53.471325) 
LINESTRING (23.149935 53.471325, 23.149520 53.471467) 
LINESTRING (23.149520 53.471467, 23.149190 53.471580) 
LINESTRING (23.149190 53.471580, 23.148498 53.471698) 
LINESTRING (23.148498 53.471698, 23.148091 53.471736) 
LINESTRING (23.148091 53.471736, 23.147257 53.471700) 
LINESTRING (23.147257 53.471700, 23.146099 53.471387) 
LINESTRING (23.146099 53.471387, 23.144867 53.471053) 
LINESTRING (23.144867 53.471053, 23.143491 53.470687) 
LINESTRING (23.143491 53.470687, 23.142074 53.470252) 
LINESTRING (23.142074 53.470252, 23.139226 53.469459) 
LINESTRING (23.139226 53.469459, 23.137106 53.468869) 
LINESTRING (23.137106 53.468869, 23.131517 53.467269) 
LINESTRING (23.131517 53.467269, 23.128103 53.466296) 
LINESTRING (23.128103 53.466296, 23.124613 53.465560) 
LINESTRING (23.124613 53.465560, 23.123774 53.465407) 
LINESTRING (23.123774 53.465407, 23.122928 53.465167) 
LINESTRING (23.122928 53.465167, 23.121123 53.464565) 
LINESTRING (23.121123 53.464565, 23.117659 53.463346) 
LINESTRING (23.117659 53.463346, 23.113886 53.462270) 
LINESTRING (23.113886 53.462270, 23.112008 53.461734) 
LINESTRING (23.112008 53.461734, 23.110673 53.461354) 
LINESTRING (23.110673 53.461354, 23.109644 53.461064) 
LINESTRING (23.109644 53.461064, 23.108531 53.460751) 
LINESTRING (23.108531 53.460751, 23.107806 53.460548) 
LINESTRING (23.107806 53.460548, 23.107355 53.460421) 
LINESTRING (23.107355 53.460421, 23.106124 53.460077) 
LINESTRING (23.106124 53.460077, 23.103569 53.459365) 
LINESTRING (23.103569 53.459365, 23.103440 53.459329) 
LINESTRING (23.103440 53.459329, 23.100355 53.458481) 
LINESTRING (23.100355 53.458481, 23.096743 53.457450) 
LINESTRING (23.096743 53.457450, 23.094782 53.456905) 
LINESTRING (23.094782 53.456905, 23.092526 53.456263) 
LINESTRING (23.092526 53.456263, 23.091990 53.456150) 
LINESTRING (23.091990 53.456150, 23.091463 53.456092) 
LINESTRING (23.091463 53.456092, 23.088930 53.455915) 
LINESTRING (23.088930 53.455915, 23.088296 53.455908) 
LINESTRING (23.088296 53.455908, 23.088102 53.455894) 
LINESTRING (23.088102 53.455894, 23.087916 53.455860) 
LINESTRING (23.087916 53.455860, 23.087870 53.455596) 
LINESTRING (23.087870 53.455596, 23.087849 53.455505) 
LINESTRING (23.087849 53.455505, 23.087562 53.454226) 
LINESTRING (23.087562 53.454226, 23.087473 53.453823) 
LINESTRING (23.087473 53.453823, 23.087355 53.453203) 
LINESTRING (23.087355 53.453203, 23.087301 53.452803) 
LINESTRING (23.087301 53.452803, 23.087298 53.452576) 
LINESTRING (23.087298 53.452576, 23.087327 53.452348) 
LINESTRING (23.087327 53.452348, 23.084201 53.452321) 
LINESTRING (23.084201 53.452321, 23.084225 53.451173) 
LINESTRING (23.084225 53.451173, 23.084465 53.449809) 
LINESTRING (23.084465 53.449809, 23.084582 53.449143) 
LINESTRING (23.084582 53.449143, 23.084711 53.448499) 
LINESTRING (23.084711 53.448499, 23.084771 53.448242) 
LINESTRING (23.084771 53.448242, 23.084828 53.447966) 
LINESTRING (23.084828 53.447966, 23.084937 53.447480) 
LINESTRING (23.084937 53.447480, 23.084872 53.447321) 
LINESTRING (23.084872 53.447321, 23.084818 53.447174) 
LINESTRING (23.084818 53.447174, 23.084799 53.447117) 
LINESTRING (23.084799 53.447117, 23.084557 53.446512) 
LINESTRING (23.084557 53.446512, 23.084033 53.444863) 
LINESTRING (23.084033 53.444863, 23.083960 53.444803) 
LINESTRING (23.083960 53.444803, 23.082957 53.444902) 
LINESTRING (23.082957 53.444902, 23.082774 53.444885) 
LINESTRING (23.082774 53.444885, 23.082682 53.444797) 
LINESTRING (23.082682 53.444797, 23.082452 53.443680) 
LINESTRING (23.082452 53.443680, 23.081734 53.440454) 
LINESTRING (23.081734 53.440454, 23.081865 53.440353) 
LINESTRING (23.081865 53.440353, 23.079421 53.439049) 
LINESTRING (23.079421 53.439049, 23.074899 53.436634) 
LINESTRING (23.074899 53.436634, 23.071308 53.434739) 
LINESTRING (23.071308 53.434739, 23.068505 53.433259) 
LINESTRING (23.068505 53.433259, 23.063655 53.430728) 
LINESTRING (23.063655 53.430728, 23.060655 53.429143) 
LINESTRING (23.060655 53.429143, 23.059865 53.428759) 
LINESTRING (23.059865 53.428759, 23.058284 53.427915) 
LINESTRING (23.058284 53.427915, 23.057466 53.427491) 
LINESTRING (23.057466 53.427491, 23.056886 53.427186) 
LINESTRING (23.056886 53.427186, 23.056703 53.427037) 
LINESTRING (23.056703 53.427037, 23.056615 53.426880) 
LINESTRING (23.056615 53.426880, 23.056424 53.424546) 
LINESTRING (23.056424 53.424546, 23.056358 53.423503) 
LINESTRING (23.056358 53.423503, 23.056326 53.423069) 
LINESTRING (23.056326 53.423069, 23.056025 53.418858) 
LINESTRING (23.056025 53.418858, 23.055986 53.418487) 
LINESTRING (23.055986 53.418487, 23.055937 53.418137) 
LINESTRING (23.055937 53.418137, 23.055756 53.417410) 
LINESTRING (23.055756 53.417410, 23.053915 53.413077) 
LINESTRING (23.053915 53.413077, 23.052718 53.410204) 
LINESTRING (23.052718 53.410204, 23.052043 53.408698) 
LINESTRING (23.052043 53.408698, 23.051693 53.408221) 
LINESTRING (23.051693 53.408221, 23.051287 53.407829) 
LINESTRING (23.051287 53.407829, 23.050538 53.407342) 
LINESTRING (23.050538 53.407342, 23.047205 53.405327) 
LINESTRING (23.047205 53.405327, 23.046634 53.404857) 
LINESTRING (23.046634 53.404857, 23.046003 53.403998) 
LINESTRING (23.046003 53.403998, 23.045296 53.402941) 
LINESTRING (23.045296 53.402941, 23.043183 53.399892) 
LINESTRING (23.043183 53.399892, 23.042848 53.399408) 
LINESTRING (23.042848 53.399408, 23.041892 53.398024) 
LINESTRING (23.041892 53.398024, 23.041833 53.397931) 
LINESTRING (23.041833 53.397931, 23.041373 53.397224) 
LINESTRING (23.041373 53.397224, 23.041031 53.396870) 
LINESTRING (23.041031 53.396870, 23.040753 53.396631) 
LINESTRING (23.040753 53.396631, 23.039043 53.395715) 
LINESTRING (23.039043 53.395715, 23.038485 53.395216) 
LINESTRING (23.038485 53.395216, 23.038337 53.395170) 
LINESTRING (23.038337 53.395170, 23.038161 53.395152) 
LINESTRING (23.038161 53.395152, 23.037861 53.395187) 
LINESTRING (23.037861 53.395187, 23.037160 53.395325) 
LINESTRING (23.037160 53.395325, 23.035796 53.395558) 
LINESTRING (23.035796 53.395558, 23.035632 53.395534) 
LINESTRING (23.035632 53.395534, 23.035526 53.395496) 
LINESTRING (23.035526 53.395496, 23.035448 53.395450) 
LINESTRING (23.035448 53.395450, 23.035386 53.395385) 
LINESTRING (23.035386 53.395385, 23.035127 53.394926) 
LINESTRING (23.035127 53.394926, 23.034969 53.394645) 
LINESTRING (23.034969 53.394645, 23.034101 53.393147) 
LINESTRING (23.034101 53.393147, 23.033533 53.392102) 
LINESTRING (23.033533 53.392102, 23.033432 53.391990) 
LINESTRING (23.033432 53.391990, 23.033224 53.391858) 
LINESTRING (23.033224 53.391858, 23.032841 53.391746) 
LINESTRING (23.032841 53.391746, 23.027933 53.390530) 
LINESTRING (23.027933 53.390530, 23.027499 53.390384) 
LINESTRING (23.027499 53.390384, 23.027131 53.390063) 
LINESTRING (23.027131 53.390063, 23.025787 53.387620) 
LINESTRING (23.025787 53.387620, 23.022671 53.382606) 
LINESTRING (23.022671 53.382606, 23.020715 53.379590) 
LINESTRING (23.020715 53.379590, 23.019852 53.378455) 
LINESTRING (23.019852 53.378455, 23.018565 53.377032) 
LINESTRING (23.018565 53.377032, 23.015990 53.374227) 
LINESTRING (23.015990 53.374227, 23.014852 53.373131) 
LINESTRING (23.014852 53.373131, 23.013272 53.371854) 
LINESTRING (23.013272 53.371854, 23.012759 53.371480) 
LINESTRING (23.012759 53.371480, 23.008321 53.368251) 
LINESTRING (23.008321 53.368251, 23.007994 53.368013) 
LINESTRING (23.007994 53.368013, 23.002824 53.364132) 
LINESTRING (23.002824 53.364132, 22.998126 53.360667) 
LINESTRING (22.998126 53.360667, 22.996832 53.359714) 
LINESTRING (22.996832 53.359714, 22.996030 53.359114) 
LINESTRING (22.996030 53.359114, 22.989884 53.354593) 
LINESTRING (22.989884 53.354593, 22.984912 53.351284) 
LINESTRING (22.984912 53.351284, 22.982294 53.349575) 
LINESTRING (22.982294 53.349575, 22.982205 53.349517) 
LINESTRING (22.982205 53.349517, 22.977266 53.346293) 
LINESTRING (22.977266 53.346293, 22.975936 53.345934) 
LINESTRING (22.975936 53.345934, 22.973361 53.345678) 
LINESTRING (22.973361 53.345678, 22.970615 53.345755) 
LINESTRING (22.970615 53.345755, 22.966323 53.345832) 
LINESTRING (22.966323 53.345832, 22.963585 53.345941) 
LINESTRING (22.963585 53.345941, 22.958598 53.346139) 
LINESTRING (22.958598 53.346139, 22.955122 53.346242) 
LINESTRING (22.955122 53.346242, 22.953062 53.346114) 
LINESTRING (22.953062 53.346114, 22.950015 53.345883) 
LINESTRING (22.950015 53.345883, 22.946067 53.345601) 
LINESTRING (22.946067 53.345601, 22.944932 53.345397) 
LINESTRING (22.944932 53.345397, 22.944222 53.345268) 
LINESTRING (22.944222 53.345268, 22.937498 53.342844) 
LINESTRING (22.937498 53.342844, 22.937444 53.342803) 
LINESTRING (22.937444 53.342803, 22.936663 53.342200) 
LINESTRING (22.936663 53.342200, 22.936025 53.341707) 
LINESTRING (22.936025 53.341707, 22.933364 53.339683) 
LINESTRING (22.933364 53.339683, 22.930059 53.337169) 
LINESTRING (22.930059 53.337169, 22.928343 53.335865) 
LINESTRING (22.928343 53.335865, 22.921928 53.330979) 
LINESTRING (22.921928 53.330979, 22.920174 53.329643) 
LINESTRING (22.920174 53.329643, 22.919696 53.329223) 
LINESTRING (22.919696 53.329223, 22.919570 53.328931) 
LINESTRING (22.919570 53.328931, 22.919432 53.326582) 
LINESTRING (22.919432 53.326582, 22.901022 53.327872) 
LINESTRING (22.901022 53.327872, 22.890392 53.328581) 
LINESTRING (22.890392 53.328581, 22.890033 53.328587) 
LINESTRING (22.890033 53.328587, 22.889926 53.328585) 
LINESTRING (22.889926 53.328585, 22.889806 53.328498) 
LINESTRING (22.889806 53.328498, 22.890210 53.328260) 
LINESTRING (22.890210 53.328260, 22.886260 53.325754) 
LINESTRING (22.886260 53.325754, 22.878579 53.320992) 
LINESTRING (22.878579 53.320992, 22.870599 53.316043) 
LINESTRING (22.870599 53.316043, 22.869550 53.315321) 
LINESTRING (22.869550 53.315321, 22.868227 53.314529) 
LINESTRING (22.868227 53.314529, 22.866333 53.313394) 
LINESTRING (22.866333 53.313394, 22.864030 53.312720) 
LINESTRING (22.864030 53.312720, 22.860580 53.312250) 
LINESTRING (22.860580 53.312250, 22.858185 53.311574) 
LINESTRING (22.858185 53.311574, 22.858020 53.311527) 
LINESTRING (22.858020 53.311527, 22.856690 53.311050) 
LINESTRING (22.856690 53.311050, 22.855640 53.309140) 
LINESTRING (22.855640 53.309140, 22.855550 53.308150) 
LINESTRING (22.855550 53.308150, 22.852540 53.305571) 
LINESTRING (22.852540 53.305571, 22.848664 53.302309) 
LINESTRING (22.848664 53.302309, 22.847592 53.301370) 
LINESTRING (22.847592 53.301370, 22.845335 53.299526) 
LINESTRING (22.845335 53.299526, 22.843317 53.297852) 
LINESTRING (22.843317 53.297852, 22.843133 53.297717) 
LINESTRING (22.843133 53.297717, 22.843075 53.297671) 
LINESTRING (22.843075 53.297671, 22.839213 53.293319) 
LINESTRING (22.839213 53.293319, 22.836840 53.290472) 
LINESTRING (22.836840 53.290472, 22.835106 53.288518) 
LINESTRING (22.835106 53.288518, 22.831698 53.283089) 
LINESTRING (22.831698 53.283089, 22.828074 53.277388) 
LINESTRING (22.828074 53.277388, 22.827402 53.276343) 
LINESTRING (22.827402 53.276343, 22.827358 53.276218) 
LINESTRING (22.827358 53.276218, 22.827061 53.276162) 
LINESTRING (22.827061 53.276162, 22.826970 53.276145) 
LINESTRING (22.826970 53.276145, 22.826374 53.276153) 
LINESTRING (22.826374 53.276153, 22.825032 53.276370) 
LINESTRING (22.825032 53.276370, 22.823168 53.276810) 
LINESTRING (22.823168 53.276810, 22.820591 53.277226) 
LINESTRING (22.820591 53.277226, 22.817167 53.277830) 
LINESTRING (22.817167 53.277830, 22.814499 53.278458) 
LINESTRING (22.814499 53.278458, 22.813356 53.278627) 
LINESTRING (22.813356 53.278627, 22.812240 53.278713) 
LINESTRING (22.812240 53.278713, 22.810863 53.276561) 
LINESTRING (22.810863 53.276561, 22.798279 53.275974) 
LINESTRING (22.798279 53.275974, 22.791905 53.265583) 
LINESTRING (22.791905 53.265583, 22.791755 53.265488) 
LINESTRING (22.791755 53.265488, 22.791274 53.265260) 
LINESTRING (22.791274 53.265260, 22.788381 53.264199) 
LINESTRING (22.788381 53.264199, 22.785442 53.263135) 
LINESTRING (22.785442 53.263135, 22.783795 53.262521) 
LINESTRING (22.783795 53.262521, 22.781739 53.261752) 
LINESTRING (22.781739 53.261752, 22.779374 53.260928) 
LINESTRING (22.779374 53.260928, 22.777964 53.260392) 
LINESTRING (22.777964 53.260392, 22.774715 53.259020) 
LINESTRING (22.774715 53.259020, 22.774307 53.258906) 
LINESTRING (22.774307 53.258906, 22.771780 53.258392) 
LINESTRING (22.771780 53.258392, 22.769519 53.257949) 
LINESTRING (22.769519 53.257949, 22.767394 53.257518) 
LINESTRING (22.767394 53.257518, 22.767013 53.257438) 
LINESTRING (22.767013 53.257438, 22.766790 53.257424) 
LINESTRING (22.766790 53.257424, 22.766469 53.257424) 
LINESTRING (22.766469 53.257424, 22.766198 53.257425) 
LINESTRING (22.766198 53.257425, 22.765884 53.257386) 
LINESTRING (22.765884 53.257386, 22.765264 53.257243) 
LINESTRING (22.765264 53.257243, 22.764168 53.256974) 
LINESTRING (22.764168 53.256974, 22.763410 53.256771) 
LINESTRING (22.763410 53.256771, 22.762918 53.256601) 
LINESTRING (22.762918 53.256601, 22.762787 53.256567) 
LINESTRING (22.762787 53.256567, 22.762438 53.256481) 
LINESTRING (22.762438 53.256481, 22.761192 53.256255) 
LINESTRING (22.761192 53.256255, 22.759014 53.255820) 
LINESTRING (22.759014 53.255820, 22.758459 53.255714) 
LINESTRING (22.758459 53.255714, 22.754628 53.254908) 
LINESTRING (22.754628 53.254908, 22.754282 53.255511) 
LINESTRING (22.754282 53.255511, 22.754005 53.256106) 
LINESTRING (22.754005 53.256106, 22.753817 53.256377) 
LINESTRING (22.753817 53.256377, 22.753390 53.256810) 
LINESTRING (22.753390 53.256810, 22.753115 53.257076) 
LINESTRING (22.753115 53.257076, 22.746592 53.259913) 
LINESTRING (22.746592 53.259913, 22.745948 53.260085) 
LINESTRING (22.745948 53.260085, 22.745666 53.260170) 
LINESTRING (22.745666 53.260170, 22.745229 53.260210) 
LINESTRING (22.745229 53.260210, 22.744838 53.260149) 
LINESTRING (22.744838 53.260149, 22.744607 53.260046) 
LINESTRING (22.744607 53.260046, 22.742930 53.259213) 
LINESTRING (22.742930 53.259213, 22.742647 53.259106) 
LINESTRING (22.742647 53.259106, 22.742234 53.259016) 
LINESTRING (22.742234 53.259016, 22.741966 53.258990) 
LINESTRING (22.741966 53.258990, 22.741526 53.259013) 
LINESTRING (22.741526 53.259013, 22.741119 53.258987) 
LINESTRING (22.741119 53.258987, 22.740304 53.258769) 
LINESTRING (22.740304 53.258769, 22.739692 53.258784) 
LINESTRING (22.739692 53.258784, 22.739029 53.258743) 
LINESTRING (22.739029 53.258743, 22.738488 53.258730) 
LINESTRING (22.738488 53.258730, 22.738064 53.258749) 
LINESTRING (22.738064 53.258749, 22.737672 53.258793) 
LINESTRING (22.737672 53.258793, 22.736979 53.258780) 
LINESTRING (22.736979 53.258780, 22.736215 53.258697) 
LINESTRING (22.736215 53.258697, 22.735788 53.258549) 
LINESTRING (22.735788 53.258549, 22.735359 53.258323) 
LINESTRING (22.735359 53.258323, 22.735113 53.258755) 
LINESTRING (22.735113 53.258755, 22.726320 53.258530) 
LINESTRING (22.726320 53.258530, 22.704010 53.252530) 
LINESTRING (22.704010 53.252530, 22.702460 53.251440) 
LINESTRING (22.702460 53.251440, 22.697950 53.248650) 
LINESTRING (22.697950 53.248650, 22.677610 53.239310) 
LINESTRING (22.677610 53.239310, 22.671666 53.238587) 
LINESTRING (22.671666 53.238587, 22.671436 53.238230) 
LINESTRING (22.671436 53.238230, 22.670128 53.237383) 
LINESTRING (22.670128 53.237383, 22.668465 53.236539) 
LINESTRING (22.668465 53.236539, 22.668230 53.236420) 
LINESTRING (22.668230 53.236420, 22.667432 53.236008) 
LINESTRING (22.667432 53.236008, 22.666116 53.235621) 
LINESTRING (22.666116 53.235621, 22.664978 53.235325) 
LINESTRING (22.664978 53.235325, 22.663803 53.235065) 
LINESTRING (22.663803 53.235065, 22.663312 53.234977) 
LINESTRING (22.663312 53.234977, 22.662991 53.234833) 
LINESTRING (22.662991 53.234833, 22.662326 53.234432) 
LINESTRING (22.662326 53.234432, 22.660471 53.233627) 
LINESTRING (22.660471 53.233627, 22.659824 53.233200) 
LINESTRING (22.659824 53.233200, 22.658687 53.232675) 
LINESTRING (22.658687 53.232675, 22.657941 53.232503) 
LINESTRING (22.657941 53.232503, 22.657049 53.232361) 
LINESTRING (22.657049 53.232361, 22.655633 53.232124) 
LINESTRING (22.655633 53.232124, 22.654930 53.231963) 
LINESTRING (22.654930 53.231963, 22.653863 53.231678) 
LINESTRING (22.653863 53.231678, 22.652424 53.231497) 
LINESTRING (22.652424 53.231497, 22.650546 53.231245) 
LINESTRING (22.650546 53.231245, 22.650254 53.230994) 
LINESTRING (22.650254 53.230994, 22.649693 53.230759) 
LINESTRING (22.649693 53.230759, 22.649145 53.230406) 
LINESTRING (22.649145 53.230406, 22.648908 53.230106) 
LINESTRING (22.648908 53.230106, 22.647254 53.229047) 
LINESTRING (22.647254 53.229047, 22.646514 53.228592) 
LINESTRING (22.646514 53.228592, 22.645676 53.228057) 
LINESTRING (22.645676 53.228057, 22.645398 53.227926) 
LINESTRING (22.645398 53.227926, 22.645190 53.227829) 
LINESTRING (22.645190 53.227829, 22.644968 53.227735) 
LINESTRING (22.644968 53.227735, 22.644739 53.227643) 
LINESTRING (22.644739 53.227643, 22.644524 53.227571) 
LINESTRING (22.644524 53.227571, 22.644147 53.227455) 
LINESTRING (22.644147 53.227455, 22.643762 53.227233) 
LINESTRING (22.643762 53.227233, 22.643522 53.227116) 
LINESTRING (22.643522 53.227116, 22.643137 53.226999) 
LINESTRING (22.643137 53.226999, 22.642313 53.226720) 
LINESTRING (22.642313 53.226720, 22.642042 53.226661) 
LINESTRING (22.642042 53.226661, 22.641518 53.226076) 
LINESTRING (22.641518 53.226076, 22.641181 53.225634) 
LINESTRING (22.641181 53.225634, 22.640924 53.225175) 
LINESTRING (22.640924 53.225175, 22.640754 53.224753) 
LINESTRING (22.640754 53.224753, 22.640583 53.224156) 
LINESTRING (22.640583 53.224156, 22.640420 53.223608) 
LINESTRING (22.640420 53.223608, 22.640153 53.223115) 
LINESTRING (22.640153 53.223115, 22.636634 53.218930) 
LINESTRING (22.636634 53.218930, 22.636200 53.218900) 
LINESTRING (22.636200 53.218900, 22.634836 53.218781) 
LINESTRING (22.634836 53.218781, 22.634238 53.218757) 
LINESTRING (22.634238 53.218757, 22.633799 53.218733) 
LINESTRING (22.633799 53.218733, 22.633527 53.218685) 
LINESTRING (22.633527 53.218685, 22.632953 53.218511) 
LINESTRING (22.632953 53.218511, 22.632109 53.218318) 
LINESTRING (22.632109 53.218318, 22.631407 53.218094) 
LINESTRING (22.631407 53.218094, 22.629864 53.217534) 
LINESTRING (22.629864 53.217534, 22.628334 53.216941) 
LINESTRING (22.628334 53.216941, 22.628101 53.216935) 
LINESTRING (22.628101 53.216935, 22.627935 53.217000) 
LINESTRING (22.627935 53.217000, 22.627515 53.217239) 
LINESTRING (22.627515 53.217239, 22.627293 53.217329) 
LINESTRING (22.627293 53.217329, 22.626845 53.217478) 
LINESTRING (22.626845 53.217478, 22.624364 53.218018) 
LINESTRING (22.624364 53.218018, 22.623841 53.218119) 
LINESTRING (22.623841 53.218119, 22.623442 53.218112) 
LINESTRING (22.623442 53.218112, 22.622935 53.218047) 
LINESTRING (22.622935 53.218047, 22.622340 53.217996) 
LINESTRING (22.622340 53.217996, 22.621752 53.218004) 
LINESTRING (22.621752 53.218004, 22.621166 53.218033) 
LINESTRING (22.621166 53.218033, 22.620905 53.218075) 
LINESTRING (22.620905 53.218075, 22.620726 53.218151) 
LINESTRING (22.620726 53.218151, 22.620571 53.218268) 
LINESTRING (22.620571 53.218268, 22.619900 53.219039) 
LINESTRING (22.619900 53.219039, 22.619057 53.220225) 
LINESTRING (22.619057 53.220225, 22.618942 53.220352) 
LINESTRING (22.618942 53.220352, 22.618810 53.220458) 
LINESTRING (22.618810 53.220458, 22.618547 53.220562) 
LINESTRING (22.618547 53.220562, 22.617327 53.220892) 
LINESTRING (22.617327 53.220892, 22.616598 53.220997) 
LINESTRING (22.616598 53.220997, 22.616140 53.221014) 
LINESTRING (22.616140 53.221014, 22.615673 53.220975) 
LINESTRING (22.615673 53.220975, 22.612886 53.220623) 
LINESTRING (22.612886 53.220623, 22.610392 53.220429) 
LINESTRING (22.610392 53.220429, 22.610052 53.220370) 
LINESTRING (22.610052 53.220370, 22.609529 53.220184) 
LINESTRING (22.609529 53.220184, 22.609210 53.220035) 
LINESTRING (22.609210 53.220035, 22.608988 53.219868) 
LINESTRING (22.608988 53.219868, 22.608867 53.219662) 
LINESTRING (22.608867 53.219662, 22.608799 53.219525) 
LINESTRING (22.608799 53.219525, 22.608747 53.219380) 
LINESTRING (22.608747 53.219380, 22.608739 53.219128) 
LINESTRING (22.608739 53.219128, 22.608929 53.217943) 
LINESTRING (22.608929 53.217943, 22.609057 53.217142) 
LINESTRING (22.609057 53.217142, 22.609078 53.217002) 
LINESTRING (22.609078 53.217002, 22.609054 53.216864) 
LINESTRING (22.609054 53.216864, 22.609030 53.216796) 
LINESTRING (22.609030 53.216796, 22.608996 53.216736) 
LINESTRING (22.608996 53.216736, 22.608848 53.216619) 
LINESTRING (22.608848 53.216619, 22.608612 53.216497) 
LINESTRING (22.608612 53.216497, 22.608505 53.216442) 
LINESTRING (22.608505 53.216442, 22.608187 53.216285) 
LINESTRING (22.608187 53.216285, 22.607667 53.215959) 
LINESTRING (22.607667 53.215959, 22.607166 53.215717) 
LINESTRING (22.607166 53.215717, 22.606578 53.215483) 
LINESTRING (22.606578 53.215483, 22.605952 53.215300) 
LINESTRING (22.605952 53.215300, 22.604749 53.215035) 
LINESTRING (22.604749 53.215035, 22.602581 53.214698) 
LINESTRING (22.602581 53.214698, 22.600351 53.214379) 
LINESTRING (22.600351 53.214379, 22.599698 53.214269) 
LINESTRING (22.599698 53.214269, 22.599063 53.214187) 
LINESTRING (22.599063 53.214187, 22.598661 53.214164) 
LINESTRING (22.598661 53.214164, 22.598532 53.214172) 
LINESTRING (22.598532 53.214172, 22.598390 53.214180) 
LINESTRING (22.598390 53.214180, 22.597966 53.214241) 
LINESTRING (22.597966 53.214241, 22.597744 53.214275) 
LINESTRING (22.597744 53.214275, 22.595323 53.214611) 
LINESTRING (22.595323 53.214611, 22.594984 53.214658) 
LINESTRING (22.594984 53.214658, 22.592366 53.215021) 
LINESTRING (22.592366 53.215021, 22.590659 53.215266) 
LINESTRING (22.590659 53.215266, 22.583722 53.216328) 
LINESTRING (22.583722 53.216328, 22.583033 53.216501) 
LINESTRING (22.583033 53.216501, 22.582666 53.216611) 
LINESTRING (22.582666 53.216611, 22.582366 53.216755) 
LINESTRING (22.582366 53.216755, 22.581378 53.217283) 
LINESTRING (22.581378 53.217283, 22.579325 53.218591) 
LINESTRING (22.579325 53.218591, 22.578968 53.218861) 
LINESTRING (22.578968 53.218861, 22.578627 53.219162) 
LINESTRING (22.578627 53.219162, 22.575037 53.224148) 
LINESTRING (22.575037 53.224148, 22.574710 53.224420) 
LINESTRING (22.574710 53.224420, 22.574352 53.224600) 
LINESTRING (22.574352 53.224600, 22.573328 53.224876) 
LINESTRING (22.573328 53.224876, 22.570354 53.225763) 
LINESTRING (22.570354 53.225763, 22.565009 53.227091) 
LINESTRING (22.565009 53.227091, 22.564106 53.224386) 
LINESTRING (22.564106 53.224386, 22.563224 53.221672) 
LINESTRING (22.563224 53.221672, 22.562794 53.220375) 
LINESTRING (22.562794 53.220375, 22.562708 53.220160) 
LINESTRING (22.562708 53.220160, 22.562618 53.219985) 
LINESTRING (22.562618 53.219985, 22.562538 53.219866) 
LINESTRING (22.562538 53.219866, 22.562440 53.219757) 
LINESTRING (22.562440 53.219757, 22.562339 53.219656) 
LINESTRING (22.562339 53.219656, 22.562220 53.219554) 
LINESTRING (22.562220 53.219554, 22.562119 53.219476) 
LINESTRING (22.562119 53.219476, 22.561980 53.219377) 
LINESTRING (22.561980 53.219377, 22.561847 53.219294) 
LINESTRING (22.561847 53.219294, 22.561711 53.219222) 
LINESTRING (22.561711 53.219222, 22.561432 53.219087) 
LINESTRING (22.561432 53.219087, 22.555233 53.216339) 
LINESTRING (22.555233 53.216339, 22.552957 53.215322) 
LINESTRING (22.552957 53.215322, 22.551723 53.214765) 
LINESTRING (22.551723 53.214765, 22.551594 53.214908) 
LINESTRING (22.551594 53.214908, 22.551541 53.215080) 
LINESTRING (22.551541 53.215080, 22.551427 53.215703) 
LINESTRING (22.551427 53.215703, 22.551393 53.215853) 
LINESTRING (22.551393 53.215853, 22.551311 53.215989) 
LINESTRING (22.551311 53.215989, 22.551074 53.216230) 
LINESTRING (22.551074 53.216230, 22.548957 53.215458) 
LINESTRING (22.548957 53.215458, 22.546315 53.214435) 
LINESTRING (22.546315 53.214435, 22.543907 53.213479) 
LINESTRING (22.543907 53.213479, 22.543311 53.213197) 
LINESTRING (22.543311 53.213197, 22.539415 53.211880) 
LINESTRING (22.539415 53.211880, 22.536587 53.211095) 
LINESTRING (22.536587 53.211095, 22.535777 53.211158) 
LINESTRING (22.535777 53.211158, 22.532314 53.211598) 
LINESTRING (22.532314 53.211598, 22.530984 53.211649) 
LINESTRING (22.530984 53.211649, 22.529868 53.211546) 
LINESTRING (22.529868 53.211546, 22.525594 53.210853) 
LINESTRING (22.525594 53.210853, 22.524885 53.210739) 
LINESTRING (22.524885 53.210739, 22.521242 53.210376) 
LINESTRING (22.521242 53.210376, 22.518993 53.210043) 
LINESTRING (22.518993 53.210043, 22.518174 53.209838) 
LINESTRING (22.518174 53.209838, 22.516218 53.209665) 
LINESTRING (22.516218 53.209665, 22.514421 53.209463) 
LINESTRING (22.514421 53.209463, 22.512966 53.209407) 
LINESTRING (22.512966 53.209407, 22.511204 53.209216) 
LINESTRING (22.511204 53.209216, 22.510464 53.209169) 
LINESTRING (22.510464 53.209169, 22.509615 53.208993) 
LINESTRING (22.509615 53.208993, 22.507798 53.209062) 
LINESTRING (22.507798 53.209062, 22.506066 53.209228) 
LINESTRING (22.506066 53.209228, 22.505624 53.209225) 
LINESTRING (22.505624 53.209225, 22.505038 53.209273) 
LINESTRING (22.505038 53.209273, 22.503618 53.209195) 
LINESTRING (22.503618 53.209195, 22.503107 53.209112) 
LINESTRING (22.503107 53.209112, 22.502640 53.209080) 
LINESTRING (22.502640 53.209080, 22.501935 53.208907) 
LINESTRING (22.501935 53.208907, 22.501511 53.208832) 
LINESTRING (22.501511 53.208832, 22.498322 53.209062) 
LINESTRING (22.498322 53.209062, 22.496015 53.209068) 
LINESTRING (22.496015 53.209068, 22.494875 53.209059) 
LINESTRING (22.494875 53.209059, 22.494271 53.209013) 
LINESTRING (22.494271 53.209013, 22.493900 53.208947) 
LINESTRING (22.493900 53.208947, 22.493496 53.208868) 
LINESTRING (22.493496 53.208868, 22.493081 53.208752) 
LINESTRING (22.493081 53.208752, 22.491004 53.207886) 
LINESTRING (22.491004 53.207886, 22.485540 53.205582) 
LINESTRING (22.485540 53.205582, 22.484707 53.205280) 
LINESTRING (22.484707 53.205280, 22.484450 53.205207) 
LINESTRING (22.484450 53.205207, 22.484156 53.205136) 
LINESTRING (22.484156 53.205136, 22.483866 53.205085) 
LINESTRING (22.483866 53.205085, 22.483573 53.205040) 
LINESTRING (22.483573 53.205040, 22.479700 53.204640) 
LINESTRING (22.479700 53.204640, 22.468960 53.203531) 
LINESTRING (22.468960 53.203531, 22.461923 53.202785) 
LINESTRING (22.461923 53.202785, 22.461510 53.202746) 
LINESTRING (22.461510 53.202746, 22.461015 53.202713) 
LINESTRING (22.461015 53.202713, 22.460116 53.202690) 
LINESTRING (22.460116 53.202690, 22.446614 53.202445) 
LINESTRING (22.446614 53.202445, 22.443759 53.202367) 
LINESTRING (22.443759 53.202367, 22.441860 53.202340) 
LINESTRING (22.441860 53.202340, 22.432280 53.202150) 
LINESTRING (22.432280 53.202150, 22.431700 53.202030) 
LINESTRING (22.431700 53.202030, 22.430774 53.201797) 
LINESTRING (22.430774 53.201797, 22.425755 53.200415) 
LINESTRING (22.425755 53.200415, 22.423222 53.199714) 
LINESTRING (22.423222 53.199714, 22.421941 53.199358) 
LINESTRING (22.421941 53.199358, 22.421305 53.199178) 
LINESTRING (22.421305 53.199178, 22.420987 53.199106) 
LINESTRING (22.420987 53.199106, 22.420695 53.199072) 
LINESTRING (22.420695 53.199072, 22.420411 53.199046) 
LINESTRING (22.420411 53.199046, 22.420084 53.199033) 
LINESTRING (22.420084 53.199033, 22.419684 53.199035) 
LINESTRING (22.419684 53.199035, 22.419314 53.199054) 
LINESTRING (22.419314 53.199054, 22.418172 53.199228) 
LINESTRING (22.418172 53.199228, 22.412650 53.200356) 
LINESTRING (22.412650 53.200356, 22.410702 53.200753) 
LINESTRING (22.410702 53.200753, 22.407459 53.201427) 
LINESTRING (22.407459 53.201427, 22.406667 53.201579) 
LINESTRING (22.406667 53.201579, 22.403651 53.202174) 
LINESTRING (22.403651 53.202174, 22.403344 53.202216) 
LINESTRING (22.403344 53.202216, 22.403101 53.202241) 
LINESTRING (22.403101 53.202241, 22.402743 53.202266) 
LINESTRING (22.402743 53.202266, 22.402456 53.202275) 
LINESTRING (22.402456 53.202275, 22.402210 53.202276) 
LINESTRING (22.402210 53.202276, 22.401571 53.202263) 
LINESTRING (22.401571 53.202263, 22.396716 53.201946) 
LINESTRING (22.396716 53.201946, 22.386429 53.201267) 
LINESTRING (22.386429 53.201267, 22.384689 53.201150) 
LINESTRING (22.384689 53.201150, 22.384035 53.201023) 
LINESTRING (22.384035 53.201023, 22.383431 53.200849) 
LINESTRING (22.383431 53.200849, 22.382904 53.200645) 
LINESTRING (22.382904 53.200645, 22.382279 53.200363) 
LINESTRING (22.382279 53.200363, 22.382098 53.200282) 
LINESTRING (22.382098 53.200282, 22.381170 53.199703) 
LINESTRING (22.381170 53.199703, 22.375250 53.196380) 
LINESTRING (22.375250 53.196380, 22.371333 53.194086) 
LINESTRING (22.371333 53.194086, 22.370521 53.193633) 
LINESTRING (22.370521 53.193633, 22.369338 53.192973) 
LINESTRING (22.369338 53.192973, 22.368752 53.192737) 
LINESTRING (22.368752 53.192737, 22.368088 53.192551) 
LINESTRING (22.368088 53.192551, 22.367360 53.192422) 
LINESTRING (22.367360 53.192422, 22.366827 53.192368) 
LINESTRING (22.366827 53.192368, 22.366100 53.192342) 
LINESTRING (22.366100 53.192342, 22.364445 53.192417) 
LINESTRING (22.364445 53.192417, 22.352393 53.193033) 
LINESTRING (22.352393 53.193033, 22.351024 53.193117) 
LINESTRING (22.351024 53.193117, 22.349416 53.193193) 
LINESTRING (22.349416 53.193193, 22.346800 53.193280) 
LINESTRING (22.346800 53.193280, 22.346592 53.193287) 
LINESTRING (22.346592 53.193287, 22.343975 53.193397) 
LINESTRING (22.343975 53.193397, 22.337403 53.193682) 
LINESTRING (22.337403 53.193682, 22.327540 53.194175) 
LINESTRING (22.327540 53.194175, 22.325694 53.194325) 
LINESTRING (22.325694 53.194325, 22.321210 53.194770) 
LINESTRING (22.321210 53.194770, 22.312789 53.195375) 
LINESTRING (22.312789 53.195375, 22.311792 53.195438) 
LINESTRING (22.311792 53.195438, 22.310900 53.195419) 
LINESTRING (22.310900 53.195419, 22.310151 53.195326) 
LINESTRING (22.310151 53.195326, 22.306509 53.194549) 
LINESTRING (22.306509 53.194549, 22.302536 53.193719) 
LINESTRING (22.302536 53.193719, 22.296543 53.192386) 
LINESTRING (22.296543 53.192386, 22.296216 53.192313) 
LINESTRING (22.296216 53.192313, 22.294715 53.191964) 
LINESTRING (22.294715 53.191964, 22.294179 53.191784) 
LINESTRING (22.294179 53.191784, 22.293914 53.191667) 
LINESTRING (22.293914 53.191667, 22.293668 53.191571) 
LINESTRING (22.293668 53.191571, 22.293054 53.191283) 
LINESTRING (22.293054 53.191283, 22.289997 53.189946) 
LINESTRING (22.289997 53.189946, 22.287555 53.188887) 
LINESTRING (22.287555 53.188887, 22.286408 53.188460) 
LINESTRING (22.286408 53.188460, 22.285671 53.188286) 
LINESTRING (22.285671 53.188286, 22.284908 53.188199) 
LINESTRING (22.284908 53.188199, 22.284196 53.188172) 
LINESTRING (22.284196 53.188172, 22.283030 53.188251) 
LINESTRING (22.283030 53.188251, 22.261010 53.190510) 
LINESTRING (22.261010 53.190510, 22.251991 53.191438) 
LINESTRING (22.251991 53.191438, 22.242980 53.192450) 
LINESTRING (22.242980 53.192450, 22.242143 53.192517) 
LINESTRING (22.242143 53.192517, 22.241270 53.192526) 
LINESTRING (22.241270 53.192526, 22.237654 53.192379) 
LINESTRING (22.237654 53.192379, 22.235993 53.192387) 
LINESTRING (22.235993 53.192387, 22.233713 53.192398) 
LINESTRING (22.233713 53.192398, 22.230029 53.192442) 
LINESTRING (22.230029 53.192442, 22.226035 53.192885) 
LINESTRING (22.226035 53.192885, 22.222941 53.193089) 
LINESTRING (22.222941 53.193089, 22.222236 53.193111) 
LINESTRING (22.222236 53.193111, 22.219155 53.192984) 
LINESTRING (22.219155 53.192984, 22.218700 53.192996) 
LINESTRING (22.218700 53.192996, 22.214310 53.193350) 
LINESTRING (22.214310 53.193350, 22.211642 53.193541) 
LINESTRING (22.211642 53.193541, 22.210095 53.193671) 
LINESTRING (22.210095 53.193671, 22.208650 53.193870) 
LINESTRING (22.208650 53.193870, 22.207598 53.194021) 
LINESTRING (22.207598 53.194021, 22.206903 53.194118) 
LINESTRING (22.206903 53.194118, 22.205541 53.194317) 
LINESTRING (22.205541 53.194317, 22.204830 53.194375) 
LINESTRING (22.204830 53.194375, 22.203879 53.194384) 
LINESTRING (22.203879 53.194384, 22.202428 53.194350) 
LINESTRING (22.202428 53.194350, 22.201013 53.194349) 
LINESTRING (22.201013 53.194349, 22.199547 53.194453) 
LINESTRING (22.199547 53.194453, 22.197799 53.194584) 
LINESTRING (22.197799 53.194584, 22.194344 53.194828) 
LINESTRING (22.194344 53.194828, 22.193804 53.194836) 
LINESTRING (22.193804 53.194836, 22.191244 53.194733) 
LINESTRING (22.191244 53.194733, 22.180806 53.194257) 
LINESTRING (22.180806 53.194257, 22.177456 53.194052) 
LINESTRING (22.177456 53.194052, 22.174060 53.193950) 
LINESTRING (22.174060 53.193950, 22.173819 53.193945) 
LINESTRING (22.173819 53.193945, 22.173088 53.193928) 
LINESTRING (22.173088 53.193928, 22.170550 53.193841) 
LINESTRING (22.170550 53.193841, 22.168265 53.193785) 
LINESTRING (22.168265 53.193785, 22.160997 53.193606) 
LINESTRING (22.160997 53.193606, 22.145823 53.193204) 
LINESTRING (22.145823 53.193204, 22.145015 53.193182) 
LINESTRING (22.145015 53.193182, 22.143483 53.193141) 
LINESTRING (22.143483 53.193141, 22.141246 53.193085) 
LINESTRING (22.141246 53.193085, 22.130661 53.192785) 
LINESTRING (22.130661 53.192785, 22.125538 53.192656) 
LINESTRING (22.125538 53.192656, 22.125006 53.192636) 
LINESTRING (22.125006 53.192636, 22.124476 53.192623) 
LINESTRING (22.124476 53.192623, 22.122970 53.192595) 
LINESTRING (22.122970 53.192595, 22.120401 53.192544) 
LINESTRING (22.120401 53.192544, 22.119769 53.192532) 
LINESTRING (22.119769 53.192532, 22.119455 53.192521) 
LINESTRING (22.119455 53.192521, 22.119188 53.192509) 
LINESTRING (22.119188 53.192509, 22.119007 53.192502) 
LINESTRING (22.119007 53.192502, 22.118814 53.192489) 
LINESTRING (22.118814 53.192489, 22.118441 53.192450) 
LINESTRING (22.118441 53.192450, 22.118064 53.192403) 
LINESTRING (22.118064 53.192403, 22.117735 53.192351) 
LINESTRING (22.117735 53.192351, 22.116254 53.192107) 
LINESTRING (22.116254 53.192107, 22.115566 53.191995) 
LINESTRING (22.115566 53.191995, 22.115193 53.191933) 
LINESTRING (22.115193 53.191933, 22.114770 53.191877) 
LINESTRING (22.114770 53.191877, 22.114581 53.191856) 
LINESTRING (22.114581 53.191856, 22.114415 53.191841) 
LINESTRING (22.114415 53.191841, 22.114234 53.191831) 
LINESTRING (22.114234 53.191831, 22.114056 53.191823) 
LINESTRING (22.114056 53.191823, 22.113746 53.191819) 
LINESTRING (22.113746 53.191819, 22.113457 53.191826) 
LINESTRING (22.113457 53.191826, 22.113306 53.191837) 
LINESTRING (22.113306 53.191837, 22.113160 53.191848) 
LINESTRING (22.113160 53.191848, 22.113016 53.191864) 
LINESTRING (22.113016 53.191864, 22.112864 53.191883) 
LINESTRING (22.112864 53.191883, 22.112649 53.191917) 
LINESTRING (22.112649 53.191917, 22.112533 53.191937) 
LINESTRING (22.112533 53.191937, 22.112428 53.191958) 
LINESTRING (22.112428 53.191958, 22.112335 53.191977) 
LINESTRING (22.112335 53.191977, 22.112241 53.191997) 
LINESTRING (22.112241 53.191997, 22.112149 53.192017) 
LINESTRING (22.112149 53.192017, 22.111895 53.191856) 
LINESTRING (22.111895 53.191856, 22.111584 53.191662) 
LINESTRING (22.111584 53.191662, 22.111053 53.191353) 
LINESTRING (22.111053 53.191353, 22.110922 53.191274) 
LINESTRING (22.110922 53.191274, 22.110607 53.191060) 
LINESTRING (22.110607 53.191060, 22.110328 53.190863) 
LINESTRING (22.110328 53.190863, 22.109708 53.190436) 
LINESTRING (22.109708 53.190436, 22.109488 53.190295) 
LINESTRING (22.109488 53.190295, 22.109246 53.190130) 
LINESTRING (22.109246 53.190130, 22.109031 53.190005) 
LINESTRING (22.109031 53.190005, 22.108857 53.189979) 
LINESTRING (22.108857 53.189979, 22.108637 53.189929) 
LINESTRING (22.108637 53.189929, 22.108310 53.189866) 
LINESTRING (22.108310 53.189866, 22.108211 53.189845) 
LINESTRING (22.108211 53.189845, 22.108139 53.189812) 
LINESTRING (22.108139 53.189812, 22.108061 53.189752) 
LINESTRING (22.108061 53.189752, 22.107998 53.189667) 
LINESTRING (22.107998 53.189667, 22.107958 53.189592) 
LINESTRING (22.107958 53.189592, 22.107866 53.189387) 
LINESTRING (22.107866 53.189387, 22.107737 53.189123) 
LINESTRING (22.107737 53.189123, 22.107679 53.188998) 
LINESTRING (22.107679 53.188998, 22.107620 53.188814) 
LINESTRING (22.107620 53.188814, 22.107577 53.188583) 
LINESTRING (22.107577 53.188583, 22.107555 53.188401) 
LINESTRING (22.107555 53.188401, 22.107520 53.188212) 
LINESTRING (22.107520 53.188212, 22.107533 53.187830) 
LINESTRING (22.107533 53.187830, 22.107557 53.187479) 
LINESTRING (22.107557 53.187479, 22.107575 53.187441) 
LINESTRING (22.107575 53.187441, 22.107610 53.187387) 
LINESTRING (22.107610 53.187387, 22.107728 53.187337) 
LINESTRING (22.107728 53.187337, 22.107826 53.187305) 
LINESTRING (22.107826 53.187305, 22.107981 53.187267) 
LINESTRING (22.107981 53.187267, 22.108135 53.187217) 
LINESTRING (22.108135 53.187217, 22.108266 53.187141) 
LINESTRING (22.108266 53.187141, 22.108482 53.187010) 
LINESTRING (22.108482 53.187010, 22.108715 53.186860) 
LINESTRING (22.108715 53.186860, 22.108873 53.186752) 
LINESTRING (22.108873 53.186752, 22.108949 53.186699) 
LINESTRING (22.108949 53.186699, 22.108992 53.186659) 
LINESTRING (22.108992 53.186659, 22.109014 53.186632) 
LINESTRING (22.109014 53.186632, 22.109026 53.186605) 
LINESTRING (22.109026 53.186605, 22.109028 53.186575) 
LINESTRING (22.109028 53.186575, 22.109016 53.186536) 
LINESTRING (22.109016 53.186536, 22.108978 53.186491) 
LINESTRING (22.108978 53.186491, 22.108826 53.186395) 
LINESTRING (22.108826 53.186395, 22.108458 53.186122) 
LINESTRING (22.108458 53.186122, 22.108313 53.186010) 
LINESTRING (22.108313 53.186010, 22.107806 53.185563) 
LINESTRING (22.107806 53.185563, 22.107264 53.185122) 
LINESTRING (22.107264 53.185122, 22.106897 53.184792) 
LINESTRING (22.106897 53.184792, 22.107135 53.184616) 
LINESTRING (22.107135 53.184616, 22.108128 53.183885) 
LINESTRING (22.108128 53.183885, 22.108754 53.183428) 
LINESTRING (22.108754 53.183428, 22.109220 53.183088) 
LINESTRING (22.109220 53.183088, 22.109235 53.183058) 
LINESTRING (22.109235 53.183058, 22.109240 53.183028) 
LINESTRING (22.109240 53.183028, 22.109239 53.182997) 
LINESTRING (22.109239 53.182997, 22.109232 53.182968) 
LINESTRING (22.109232 53.182968, 22.109223 53.182943) 
LINESTRING (22.109223 53.182943, 22.109210 53.182920) 
LINESTRING (22.109210 53.182920, 22.109182 53.182877) 
LINESTRING (22.109182 53.182877, 22.109043 53.182725) 
LINESTRING (22.109043 53.182725, 22.108906 53.182624) 
LINESTRING (22.108906 53.182624, 22.108663 53.182445) 
LINESTRING (22.108663 53.182445, 22.108541 53.182354) 
LINESTRING (22.108541 53.182354, 22.108424 53.182267) 
LINESTRING (22.108424 53.182267, 22.107998 53.181941) 
LINESTRING (22.107998 53.181941, 22.107319 53.181423) 
LINESTRING (22.107319 53.181423, 22.106222 53.180570) 
LINESTRING (22.106222 53.180570, 22.106002 53.180399) 
LINESTRING (22.106002 53.180399, 22.105721 53.180182) 
LINESTRING (22.105721 53.180182, 22.105210 53.179782) 
LINESTRING (22.105210 53.179782, 22.104202 53.179001) 
LINESTRING (22.104202 53.179001, 22.103601 53.178532) 
LINESTRING (22.103601 53.178532, 22.103343 53.178331) 
LINESTRING (22.103343 53.178331, 22.102788 53.177900) 
LINESTRING (22.102788 53.177900, 22.102295 53.177513) 
LINESTRING (22.102295 53.177513, 22.102074 53.177347) 
LINESTRING (22.102074 53.177347, 22.101763 53.177111) 
LINESTRING (22.101763 53.177111, 22.101495 53.176908) 
LINESTRING (22.101495 53.176908, 22.101231 53.176703) 
LINESTRING (22.101231 53.176703, 22.100062 53.175798) 
LINESTRING (22.100062 53.175798, 22.099371 53.175265) 
LINESTRING (22.099371 53.175265, 22.098463 53.174565) 
LINESTRING (22.098463 53.174565, 22.098239 53.174393) 
LINESTRING (22.098239 53.174393, 22.098133 53.174312) 
LINESTRING (22.098133 53.174312, 22.098022 53.174234) 
LINESTRING (22.098022 53.174234, 22.097921 53.174169) 
LINESTRING (22.097921 53.174169, 22.097819 53.174112) 
LINESTRING (22.097819 53.174112, 22.097726 53.174063) 
LINESTRING (22.097726 53.174063, 22.097621 53.174018) 
LINESTRING (22.097621 53.174018, 22.097517 53.173979) 
LINESTRING (22.097517 53.173979, 22.097412 53.173945) 
LINESTRING (22.097412 53.173945, 22.097302 53.173916) 
LINESTRING (22.097302 53.173916, 22.097194 53.173893) 
LINESTRING (22.097194 53.173893, 22.097073 53.173872) 
LINESTRING (22.097073 53.173872, 22.096932 53.173856) 
LINESTRING (22.096932 53.173856, 22.096804 53.173848) 
LINESTRING (22.096804 53.173848, 22.096574 53.173842) 
LINESTRING (22.096574 53.173842, 22.096354 53.173847) 
LINESTRING (22.096354 53.173847, 22.095799 53.173874) 
LINESTRING (22.095799 53.173874, 22.094817 53.173925) 
LINESTRING (22.094817 53.173925, 22.094521 53.173942) 
LINESTRING (22.094521 53.173942, 22.094131 53.173963) 
LINESTRING (22.094131 53.173963, 22.093950 53.173974) 
LINESTRING (22.093950 53.173974, 22.093822 53.173985) 
LINESTRING (22.093822 53.173985, 22.093605 53.174009) 
LINESTRING (22.093605 53.174009, 22.093311 53.174055) 
LINESTRING (22.093311 53.174055, 22.093140 53.174088) 
LINESTRING (22.093140 53.174088, 22.092959 53.174126) 
LINESTRING (22.092959 53.174126, 22.092398 53.174256) 
LINESTRING (22.092398 53.174256, 22.091941 53.174364) 
LINESTRING (22.091941 53.174364, 22.091580 53.174448) 
LINESTRING (22.091580 53.174448, 22.091202 53.174535) 
LINESTRING (22.091202 53.174535, 22.091039 53.174567) 
LINESTRING (22.091039 53.174567, 22.090855 53.174598) 
LINESTRING (22.090855 53.174598, 22.090706 53.174620) 
LINESTRING (22.090706 53.174620, 22.090528 53.174638) 
LINESTRING (22.090528 53.174638, 22.090377 53.174650) 
LINESTRING (22.090377 53.174650, 22.090222 53.174657) 
LINESTRING (22.090222 53.174657, 22.090112 53.174659) 
LINESTRING (22.090112 53.174659, 22.090004 53.174658) 
LINESTRING (22.090004 53.174658, 22.089875 53.174655) 
LINESTRING (22.089875 53.174655, 22.089731 53.174647) 
LINESTRING (22.089731 53.174647, 22.089597 53.174637) 
LINESTRING (22.089597 53.174637, 22.089439 53.174621) 
LINESTRING (22.089439 53.174621, 22.089238 53.174591) 
LINESTRING (22.089238 53.174591, 22.089064 53.174559) 
LINESTRING (22.089064 53.174559, 22.088863 53.174512) 
LINESTRING (22.088863 53.174512, 22.088622 53.174450) 
LINESTRING (22.088622 53.174450, 22.088084 53.174296) 
LINESTRING (22.088084 53.174296, 22.087636 53.174166) 
LINESTRING (22.087636 53.174166, 22.087505 53.174127) 
LINESTRING (22.087505 53.174127, 22.087367 53.174084) 
LINESTRING (22.087367 53.174084, 22.087267 53.174050) 
LINESTRING (22.087267 53.174050, 22.087175 53.174016) 
LINESTRING (22.087175 53.174016, 22.087068 53.173969) 
LINESTRING (22.087068 53.173969, 22.086963 53.173914) 
LINESTRING (22.086963 53.173914, 22.086878 53.173864) 
LINESTRING (22.086878 53.173864, 22.086830 53.173833) 
LINESTRING (22.086830 53.173833, 22.086793 53.173809) 
LINESTRING (22.086793 53.173809, 22.086564 53.173655) 
LINESTRING (22.086564 53.173655, 22.086436 53.173567) 
LINESTRING (22.086436 53.173567, 22.086389 53.173535) 
LINESTRING (22.086389 53.173535, 22.086188 53.173396) 
LINESTRING (22.086188 53.173396, 22.086084 53.173327) 
LINESTRING (22.086084 53.173327, 22.086047 53.173301) 
LINESTRING (22.086047 53.173301, 22.085912 53.173207) 
LINESTRING (22.085912 53.173207, 22.085786 53.173124) 
LINESTRING (22.085786 53.173124, 22.085639 53.173036) 
LINESTRING (22.085639 53.173036, 22.085523 53.172971) 
LINESTRING (22.085523 53.172971, 22.085462 53.172941) 
LINESTRING (22.085462 53.172941, 22.085397 53.172910) 
LINESTRING (22.085397 53.172910, 22.085302 53.172868) 
LINESTRING (22.085302 53.172868, 22.085198 53.172823) 
LINESTRING (22.085198 53.172823, 22.085091 53.172782) 
LINESTRING (22.085091 53.172782, 22.084899 53.172714) 
LINESTRING (22.084899 53.172714, 22.084737 53.172663) 
LINESTRING (22.084737 53.172663, 22.084567 53.172610) 
LINESTRING (22.084567 53.172610, 22.084228 53.172509) 
LINESTRING (22.084228 53.172509, 22.083896 53.172405) 
LINESTRING (22.083896 53.172405, 22.083572 53.172299) 
LINESTRING (22.083572 53.172299, 22.083481 53.172269) 
LINESTRING (22.083481 53.172269, 22.083379 53.172241) 
LINESTRING (22.083379 53.172241, 22.082799 53.172174) 
LINESTRING (22.082799 53.172174, 22.082230 53.172087) 
LINESTRING (22.082230 53.172087, 22.081904 53.172030) 
LINESTRING (22.081904 53.172030, 22.081836 53.172029) 
LINESTRING (22.081836 53.172029, 22.081770 53.172019) 
LINESTRING (22.081770 53.172019, 22.081709 53.172001) 
LINESTRING (22.081709 53.172001, 22.081656 53.171976) 
LINESTRING (22.081656 53.171976, 22.081613 53.171944) 
LINESTRING (22.081613 53.171944, 22.081583 53.171907) 
LINESTRING (22.081583 53.171907, 22.081320 53.171797) 
LINESTRING (22.081320 53.171797, 22.080926 53.171619) 
LINESTRING (22.080926 53.171619, 22.080614 53.171475) 
LINESTRING (22.080614 53.171475, 22.080460 53.171407) 
LINESTRING (22.080460 53.171407, 22.080292 53.171336) 
LINESTRING (22.080292 53.171336, 22.079972 53.171224) 
LINESTRING (22.079972 53.171224, 22.079547 53.171091) 
LINESTRING (22.079547 53.171091, 22.078853 53.170878) 
LINESTRING (22.078853 53.170878, 22.078513 53.170783) 
LINESTRING (22.078513 53.170783, 22.078270 53.170727) 
LINESTRING (22.078270 53.170727, 22.078030 53.170679) 
LINESTRING (22.078030 53.170679, 22.078049 53.170648) 
LINESTRING (22.078049 53.170648, 22.078108 53.170554) 
LINESTRING (22.078108 53.170554, 22.078140 53.170501) 
LINESTRING (22.078140 53.170501, 22.078109 53.170490) 
LINESTRING (22.078109 53.170490, 22.078070 53.170449) 
LINESTRING (22.078070 53.170449, 22.078004 53.170374) 
LINESTRING (22.078004 53.170374, 22.078008 53.170038) 
LINESTRING (22.078008 53.170038, 22.078009 53.169708) 
LINESTRING (22.078009 53.169708, 22.078010 53.169632) 
LINESTRING (22.078010 53.169632, 22.077998 53.169390) 
LINESTRING (22.077998 53.169390, 22.077902 53.169396) 
LINESTRING (22.077902 53.169396, 22.077733 53.169399) 
LINESTRING (22.077733 53.169399, 22.077711 53.169281) 
LINESTRING (22.077711 53.169281, 22.077665 53.169123) 
LINESTRING (22.077665 53.169123, 22.077507 53.168485) 
LINESTRING (22.077507 53.168485, 22.077428 53.168457) 
LINESTRING (22.077428 53.168457, 22.077364 53.168421) 
LINESTRING (22.077364 53.168421, 22.077339 53.168302) 
LINESTRING (22.077339 53.168302, 22.077257 53.167965) 
LINESTRING (22.077257 53.167965, 22.077143 53.167510) 
LINESTRING (22.077143 53.167510, 22.076967 53.166805) 
LINESTRING (22.076967 53.166805, 22.076888 53.166485) 
LINESTRING (22.076888 53.166485, 22.076850 53.166451) 
LINESTRING (22.076850 53.166451, 22.076792 53.166437) 
LINESTRING (22.076792 53.166437, 22.076623 53.166400) 
LINESTRING (22.076623 53.166400, 22.076320 53.166279) 
LINESTRING (22.076320 53.166279, 22.075996 53.166150) 
LINESTRING (22.075996 53.166150, 22.075790 53.166087) 
LINESTRING (22.075790 53.166087, 22.075703 53.166063) 
LINESTRING (22.075703 53.166063, 22.075523 53.166051) 
LINESTRING (22.075523 53.166051, 22.075439 53.166031) 
LINESTRING (22.075439 53.166031, 22.075272 53.166016) 
LINESTRING (22.075272 53.166016, 22.075066 53.166001) 
LINESTRING (22.075066 53.166001, 22.074959 53.165990) 
LINESTRING (22.074959 53.165990, 22.074825 53.165984) 
LINESTRING (22.074825 53.165984, 22.074431 53.165959) 
LINESTRING (22.074431 53.165959, 22.074027 53.165930) 
LINESTRING (22.074027 53.165930, 22.073803 53.165915) 
LINESTRING (22.073803 53.165915, 22.073490 53.165889) 
LINESTRING (22.073490 53.165889, 22.073417 53.165880) 
LINESTRING (22.073417 53.165880, 22.073058 53.165834) 
LINESTRING (22.073058 53.165834, 22.072884 53.165811) 
LINESTRING (22.072884 53.165811, 22.072747 53.165791) 
LINESTRING (22.072747 53.165791, 22.072288 53.165764) 
LINESTRING (22.072288 53.165764, 22.072074 53.165751) 
LINESTRING (22.072074 53.165751, 22.071975 53.165734) 
LINESTRING (22.071975 53.165734, 22.071790 53.165716) 
LINESTRING (22.071790 53.165716, 22.071603 53.165703) 
LINESTRING (22.071603 53.165703, 22.071457 53.165693) 
LINESTRING (22.071457 53.165693, 22.071360 53.165675) 
LINESTRING (22.071360 53.165675, 22.071160 53.165630) 
LINESTRING (22.071160 53.165630, 22.070722 53.165544) 
LINESTRING (22.070722 53.165544, 22.070484 53.165480) 
LINESTRING (22.070484 53.165480, 22.070253 53.165394) 
LINESTRING (22.070253 53.165394, 22.070246 53.165385) 
LINESTRING (22.070246 53.165385, 22.070060 53.165205) 
LINESTRING (22.070060 53.165205, 22.070025 53.165178) 
LINESTRING (22.070025 53.165178, 22.070009 53.165171) 
LINESTRING (22.070009 53.165171, 22.069986 53.165165) 
LINESTRING (22.069986 53.165165, 22.069945 53.165150) 
LINESTRING (22.069945 53.165150, 22.069931 53.165140) 
LINESTRING (22.069931 53.165140, 22.069607 53.165285) 
LINESTRING (22.069607 53.165285, 22.069588 53.165292) 
LINESTRING (22.069588 53.165292, 22.069456 53.165343) 
LINESTRING (22.069456 53.165343, 22.069447 53.165345) 
LINESTRING (22.069447 53.165345, 22.069399 53.165360) 
LINESTRING (22.069399 53.165360, 22.069344 53.165304) 
LINESTRING (22.069344 53.165304, 22.069304 53.165262) 
LINESTRING (22.069304 53.165262, 22.069096 53.165047) 
LINESTRING (22.069096 53.165047, 22.069048 53.164999) 
LINESTRING (22.069048 53.164999, 22.068868 53.164816) 
LINESTRING (22.068868 53.164816, 22.068802 53.164772) 
LINESTRING (22.068802 53.164772, 22.068754 53.164743) 
LINESTRING (22.068754 53.164743, 22.068708 53.164720) 
LINESTRING (22.068708 53.164720, 22.068651 53.164698) 
LINESTRING (22.068651 53.164698, 22.068520 53.164667) 
LINESTRING (22.068520 53.164667, 22.068354 53.164636) 
LINESTRING (22.068354 53.164636, 22.068287 53.164623) 
LINESTRING (22.068287 53.164623, 22.068082 53.164578) 
LINESTRING (22.068082 53.164578, 22.068005 53.164560) 
LINESTRING (22.068005 53.164560, 22.067943 53.164542) 
LINESTRING (22.067943 53.164542, 22.067867 53.164517) 
LINESTRING (22.067867 53.164517, 22.067793 53.164482) 
LINESTRING (22.067793 53.164482, 22.067751 53.164456) 
LINESTRING (22.067751 53.164456, 22.067648 53.164366) 
LINESTRING (22.067648 53.164366, 22.067550 53.164289) 
LINESTRING (22.067550 53.164289, 22.067318 53.164085) 
LINESTRING (22.067318 53.164085, 22.067211 53.163993) 
LINESTRING (22.067211 53.163993, 22.066826 53.163665) 
LINESTRING (22.066826 53.163665, 22.066754 53.163603) 
LINESTRING (22.066754 53.163603, 22.066603 53.163539) 
LINESTRING (22.066603 53.163539, 22.066710 53.163493) 